0 5
0 4
0 3
0 2
0 1
1 5
1 22
1 2
1 18
1 6
2 23
2 9
2 22
2 6
3 530
3 6
3 524
3 435
3 526
3 438
4 534
4 438
4 540
4 435
4 6
5 953
5 521
5 954
5 529
6 7
7 12
7 11
7 10
7 9
7 8
8 15
8 11
8 9
8 14
8 13
9 24
9 10
9 22
10 14
10 13
10 23
10 24
11 439
11 542
11 437
11 547
12 554
12 549
12 437
13 16
13 14
13 15
14 16
14 28
14 17
14 27
14 25
14 26
15 443
15 563
15 556
15 440
15 561
15 17
15 439
15 441
16 683
16 556
16 566
16 906
16 907
17 20
17 19
17 18
18 21
18 19
19 29
19 25
20 584
20 444
20 21
20 441
21 563
22 33
22 30
22 23
22 32
23 34
23 32
23 24
24 26
24 33
24 34
25 29
25 26
26 37
26 35
26 27
26 36
27 29
27 36
27 35
28 37
28 907
29 31
29 36
30 32
30 31
31 38
31 32
32 33
32 38
32 39
33 40
33 41
33 34
34 42
34 35
34 40
35 37
35 41
35 43
35 42
36 45
36 42
36 44
37 43
38 48
38 40
38 46
39 47
39 46
40 41
40 48
40 47
41 50
41 49
41 42
42 43
42 52
42 49
42 51
43 908
44 45
45 53
45 52
45 51
46 54
46 47
47 56
47 55
47 48
48 57
48 55
48 49
49 50
49 56
49 57
50 60
50 58
50 59
50 52
51 53
51 52
52 53
52 58
52 59
53 54
53 59
54 61
54 55
55 56
55 62
55 61
56 64
56 57
56 63
57 65
57 58
57 63
58 60
58 64
58 65
59 66
59 67
59 65
60 566
60 908
60 65
61 63
61 62
61 69
61 68
62 68
62 67
63 70
63 71
63 64
64 70
64 72
64 65
65 73
65 72
65 71
66 75
66 72
66 74
66 67
68 78
68 70
68 76
69 77
69 76
70 71
70 78
70 77
71 80
71 79
71 72
72 82
72 79
72 83
72 81
73 83
74 75
75 84
75 82
75 81
76 85
76 77
77 87
77 86
77 78
78 88
78 86
78 79
79 80
79 87
79 88
80 83
80 90
80 89
80 82
81 84
81 82
82 84
82 90
82 89
83 911
84 85
84 90
85 92
85 86
85 91
86 93
86 94
86 87
87 88
87 91
87 94
88 95
88 96
88 89
89 98
89 95
89 90
89 97
90 100
90 99
90 97
91 103
91 93
91 101
91 94
92 102
92 959
92 93
93 102
93 101
94 95
94 104
94 103
95 106
95 105
95 96
96 109
96 97
96 105
96 107
96 108
97 100
97 107
97 99
97 106
98 911
99 100
100 101
100 107
101 102
101 104
101 111
101 110
102 625
102 959
102 634
103 113
103 104
103 112
103 105
104 110
104 111
105 114
105 112
105 106
106 114
106 109
107 116
107 115
107 114
108 109
108 910
109 114
109 910
109 671
110 636
110 117
110 121
110 632
110 630
111 646
111 121
111 117
111 640
112 653
112 648
112 123
112 122
113 655
113 660
113 122
114 669
114 662
114 126
114 667
114 123
114 129
115 116
116 690
116 132
116 129
117 120
117 119
117 118
118 120
118 133
118 119
118 130
118 121
119 134
119 133
119 124
119 121
120 635
120 971
120 972
121 122
122 125
122 124
122 123
123 127
123 124
123 126
124 135
124 125
124 133
125 127
125 126
125 134
125 135
126 128
126 127
127 128
127 139
127 138
127 137
127 129
127 136
128 662
128 672
129 131
129 130
130 132
130 131
131 140
131 136
132 669
133 144
133 141
133 134
133 143
134 145
134 143
134 135
135 137
135 145
135 144
136 140
136 137
137 148
137 138
137 146
137 147
138 140
138 147
138 146
139 148
139 914
140 142
140 147
141 143
141 142
142 149
142 143
143 144
143 149
143 150
144 151
144 152
144 145
145 153
145 146
145 151
146 148
146 152
146 154
146 153
147 156
147 153
147 155
148 154
149 159
149 151
149 157
150 158
150 157
151 152
151 159
151 158
152 161
152 160
152 153
153 154
153 163
153 160
153 162
154 915
155 156
156 164
156 163
156 162
157 165
157 158
158 167
158 166
158 159
159 168
159 166
159 160
160 161
160 167
160 168
161 171
161 169
161 170
161 163
162 164
162 163
163 164
163 169
163 170
164 165
164 170
165 172
165 166
166 167
166 173
166 172
167 175
167 168
167 174
168 176
168 169
168 174
169 171
169 175
169 176
170 177
170 178
170 176
171 184
171 915
171 176
172 174
172 173
172 180
172 179
173 179
173 178
174 181
174 182
174 175
175 181
175 183
175 176
176 184
176 183
176 182
177 186
177 183
177 185
177 178
179 189
179 181
179 187
180 188
180 187
181 182
181 189
181 188
182 191
182 190
182 183
183 193
183 190
183 194
183 192
184 776
184 194
185 186
186 195
186 193
186 192
187 196
187 188
188 198
188 197
188 189
189 199
189 197
189 190
190 191
190 198
190 199
191 194
191 201
191 200
191 193
192 195
192 193
193 195
193 201
193 200
194 918
195 196
195 201
196 203
196 197
196 202
197 204
197 205
197 198
198 199
198 202
198 205
199 206
199 207
199 200
200 209
200 206
200 201
200 208
201 211
201 210
201 208
202 214
202 204
202 212
202 205
203 213
203 204
204 213
204 212
205 206
205 215
205 214
206 217
206 216
206 207
207 220
207 208
207 216
207 218
207 219
208 211
208 218
208 210
208 217
209 918
209 219
210 211
211 212
211 218
212 213
212 215
212 222
212 221
213 739
213 977
214 224
214 215
214 223
214 216
215 221
215 222
216 225
216 223
216 217
217 225
217 220
218 227
218 226
218 225
219 220
220 789
220 917
220 225
220 776
221 741
221 737
221 228
221 232
221 735
222 745
222 232
222 228
222 751
223 234
223 758
223 233
223 753
224 760
224 765
224 233
225 774
225 772
225 237
225 234
225 767
225 240
226 227
227 795
227 243
227 240
228 231
228 230
228 229
229 231
229 244
229 230
229 241
229 232
230 245
230 244
230 235
230 232
231 990
231 732
231 740
232 233
233 236
233 235
233 234
234 238
234 235
234 237
235 246
235 236
235 244
236 238
236 237
236 245
236 246
237 239
237 238
238 239
238 250
238 249
238 248
238 240
238 247
239 777
239 921
239 767
239 920
240 242
240 241
241 243
241 242
242 251
242 247
243 774
244 255
244 252
244 245
244 254
245 256
245 254
245 246
246 248
246 256
246 255
247 251
247 248
248 259
248 249
248 257
248 258
249 251
249 258
249 257
250 259
251 253
251 258
252 254
252 253
253 260
253 254
254 255
254 260
254 261
255 262
255 263
255 256
256 264
256 257
256 262
257 259
257 263
257 265
257 264
258 267
258 264
258 266
259 265
260 270
260 262
260 268
261 269
261 268
262 263
262 270
262 269
263 272
263 271
263 264
264 265
264 274
264 271
264 273
265 922
266 267
267 275
267 274
267 273
268 276
268 269
269 278
269 277
269 270
270 279
270 277
270 271
271 272
271 278
271 279
272 282
272 280
272 281
272 274
273 275
273 274
274 275
274 280
274 281
275 276
275 281
276 283
276 277
277 278
277 284
277 283
278 286
278 279
278 285
279 287
279 280
279 285
280 282
280 286
280 287
281 288
281 289
281 287
282 295
282 922
282 287
283 285
283 284
283 291
283 290
284 290
284 289
285 292
285 293
285 286
286 292
286 294
286 287
287 295
287 294
287 293
288 297
288 294
288 296
288 289
290 300
290 292
290 298
291 299
291 298
292 293
292 300
292 299
293 302
293 301
293 294
294 304
294 301
294 305
294 303
295 305
296 297
297 306
297 304
297 303
298 307
298 299
299 309
299 308
299 300
300 310
300 308
300 301
301 302
301 309
301 310
302 305
302 312
302 311
302 304
303 306
303 304
304 306
304 312
304 311
305 925
306 307
306 312
307 314
307 308
307 313
308 315
308 316
308 309
309 310
309 313
309 316
310 317
310 318
310 311
311 320
311 317
311 312
311 319
312 322
312 321
312 319
313 325
313 315
313 323
313 316
314 324
314 995
314 798
314 315
315 324
315 323
316 317
316 326
316 325
317 328
317 327
317 318
318 331
318 319
318 327
318 329
318 330
319 322
319 329
319 321
319 328
320 925
320 330
321 322
322 323
322 329
323 324
323 326
323 333
323 332
324 844
324 835
325 335
325 326
325 334
325 327
326 332
326 333
327 336
327 334
327 328
328 336
328 331
329 338
329 337
329 336
330 924
331 336
331 881
332 846
332 339
332 343
332 840
332 842
333 856
333 343
333 850
333 339
334 858
334 863
334 345
334 344
335 865
335 870
335 344
336 879
336 877
336 348
336 872
336 345
336 351
337 338
338 900
338 354
338 351
339 342
339 341
339 340
340 342
340 355
340 341
340 352
340 343
341 356
341 355
341 346
341 343
342 1000
342 837
342 999
342 845
343 344
344 347
344 346
344 345
345 349
345 346
345 348
346 357
346 347
346 355
347 349
347 348
347 356
347 357
348 350
348 349
349 350
349 361
349 360
349 359
349 351
349 358
350 460
350 872
350 928
350 927
350 882
351 353
351 352
352 354
352 353
353 362
353 358
354 879
355 366
355 363
355 356
355 365
356 367
356 365
356 357
357 359
357 367
357 366
358 362
358 359
359 370
359 360
359 368
359 369
360 362
360 369
360 368
361 370
361 928
362 364
362 369
363 365
363 364
364 371
364 365
365 366
365 371
365 372
366 373
366 374
366 367
367 375
367 368
367 373
368 370
368 374
368 376
368 375
369 378
369 375
369 377
370 376
371 381
371 373
371 379
372 380
372 379
373 374
373 381
373 380
374 383
374 382
374 375
375 376
375 385
375 382
375 384
376 393
377 378
378 386
378 385
378 384
379 387
379 380
380 389
380 388
380 381
381 390
381 388
381 382
382 383
382 389
382 390
383 393
383 391
383 392
383 385
384 386
384 385
385 386
385 391
385 392
386 387
386 392
387 394
387 388
388 389
388 395
388 394
389 397
389 390
389 396
390 398
390 391
390 396
391 399
391 397
391 398
392 401
392 400
392 398
393 882
393 399
394 396
394 395
394 402
394 403
395 402
395 401
396 405
396 404
396 397
397 406
397 404
397 398
398 399
398 406
398 405
398 407
399 407
400 409
400 406
400 408
400 401
402 412
402 410
402 404
403 411
403 410
404 405
404 411
404 412
405 414
405 413
405 406
406 416
406 417
406 415
406 413
407 417
408 409
409 418
409 416
409 415
410 419
410 411
411 421
411 420
411 412
412 422
412 420
412 413
413 414
413 421
413 422
414 417
414 424
414 423
414 416
415 418
415 416
416 418
416 424
416 423
417 904
418 419
418 424
419 426
419 420
419 425
420 427
420 428
420 421
421 422
421 425
421 428
422 429
422 430
422 423
423 432
423 429
423 424
423 431
424 434
424 433
424 431
425 437
425 427
425 435
425 428
426 452
426 436
426 941
426 427
427 436
427 435
428 429
428 438
428 437
429 440
429 439
429 430
430 443
430 431
430 439
430 441
430 442
431 434
431 441
431 433
431 440
432 904
432 442
433 434
434 435
434 441
435 436
435 438
436 528
436 519
437 438
437 439
439 440
440 443
441 444
442 903
443 565
445 456
445 455
445 454
445 453
445 452
445 451
445 446
445 447
445 448
445 449
445 450
446 483
446 455
446 454
446 482
446 457
446 480
446 460
446 447
446 481
447 455
447 485
447 482
447 486
447 452
447 460
447 474
447 457
447 462
447 466
447 480
447 484
448 463
448 592
448 589
448 453
448 588
448 452
448 593
448 457
448 462
448 458
448 591
448 468
448 586
449 456
449 694
449 695
449 457
449 459
449 692
449 589
449 453
449 693
450 799
450 454
450 798
450 451
450 457
450 797
450 461
450 800
450 460
451 804
451 803
451 799
451 456
451 798
451 460
451 802
451 472
451 801
451 474
451 457
451 797
452 592
452 942
452 455
452 587
452 457
452 458
452 482
453 962
453 961
453 590
453 693
453 459
453 960
454 929
454 488
454 490
454 804
454 481
454 800
454 460
454 474
454 933
454 457
454 466
454 472
455 595
455 942
455 483
455 946
455 482
455 457
455 462
455 587
455 468
455 1002
455 458
456 803
456 698
456 707
456 478
456 461
456 984
456 457
456 799
456 459
456 472
457 464
457 458
457 463
457 459
457 460
457 461
457 462
458 590
458 589
458 586
458 588
458 587
459 698
459 697
459 463
459 694
459 478
459 461
459 692
459 696
459 470
460 800
460 929
460 798
460 481
461 799
461 695
461 694
461 978
462 476
462 592
462 1002
462 486
462 464
462 468
462 483
462 466
463 700
463 477
463 589
463 470
463 464
463 593
463 465
463 961
463 468
463 697
464 479
464 478
464 469
464 468
464 467
464 466
464 474
464 465
464 470
464 471
464 472
464 473
464 475
464 476
464 477
465 479
465 478
465 476
465 475
465 474
465 473
465 466
465 467
465 469
465 470
465 472
466 486
466 476
466 485
466 474
466 488
466 487
466 484
467 486
467 476
467 488
467 489
467 475
467 490
468 593
468 477
468 595
468 592
468 594
468 591
469 593
469 490
469 595
469 476
469 477
469 596
470 698
470 479
470 700
470 696
470 697
470 589
470 478
470 699
471 701
471 698
471 477
471 490
471 479
471 700
472 803
472 799
472 474
472 478
472 801
472 804
472 805
473 803
473 478
473 804
473 806
473 490
473 475
474 1001
474 929
474 475
474 485
474 804
475 804
475 1001
476 595
476 486
476 490
477 1003
477 593
477 590
477 490
478 803
478 1004
478 984
478 695
478 479
479 803
479 1004
480 494
480 483
480 485
480 493
480 481
480 487
480 491
480 492
481 496
481 485
481 487
481 930
481 933
482 494
482 483
482 943
482 487
482 946
483 947
483 1002
483 942
483 484
483 946
483 497
484 494
484 496
484 485
484 487
484 489
484 497
484 498
485 496
485 929
485 488
485 934
485 492
485 933
485 497
486 494
486 1002
486 942
486 487
487 494
487 496
487 488
487 493
487 491
487 495
488 934
488 1001
488 929
489 491
491 494
491 503
491 502
491 501
491 500
491 497
491 499
491 492
492 929
492 936
492 501
492 500
492 935
492 497
492 930
492 934
493 494
493 942
493 950
493 949
493 943
493 944
493 502
493 948
494 947
494 949
494 950
494 497
494 946
494 504
495 506
495 505
496 934
496 936
496 501
496 929
496 497
496 931
496 1001
496 933
497 503
497 501
497 504
497 499
498 506
499 508
499 511
500 937
500 935
501 936
501 939
501 504
501 507
501 937
502 944
502 948
502 935
503 951
503 504
503 949
503 507
503 510
504 510
504 507
504 508
504 509
505 511
505 506
506 512
507 510
507 508
507 513
507 509
508 514
508 511
509 940
509 936
509 518
510 520
510 951
511 514
511 515
512 515
513 521
513 520
513 516
513 517
513 518
513 519
514 523
514 515
514 522
515 516
516 521
516 520
516 517
516 524
516 518
517 524
517 525
517 522
518 519
518 939
518 940
519 941
519 940
519 527
520 953
520 952
520 951
521 529
523 527
523 525
524 527
524 530
525 526
526 531
527 529
527 528
530 534
530 533
530 535
530 531
531 532
532 536
532 533
533 535
534 542
534 535
535 543
535 542
536 538
536 537
537 539
537 538
538 545
538 539
538 544
539 546
539 545
539 540
540 541
541 546
541 547
542 543
542 549
543 550
543 549
543 544
545 551
545 552
545 546
546 552
546 553
547 548
548 553
548 554
549 556
549 550
550 558
550 551
550 557
550 556
552 558
552 559
552 553
553 559
553 560
554 555
555 560
555 561
556 557
556 564
556 566
556 565
557 566
557 565
557 567
557 564
559 560
559 572
559 567
559 569
559 570
559 571
560 575
560 572
560 562
560 574
560 573
561 562
562 575
562 574
562 576
562 573
562 577
563 579
563 564
564 580
564 579
565 567
565 903
565 569
566 906
566 567
566 905
567 569
567 568
568 580
568 570
569 903
569 902
570 581
570 571
571 582
571 581
572 905
572 575
573 582
573 583
574 902
574 577
575 578
576 578
576 577
579 580
579 584
580 585
581 582
581 585
582 583
586 600
586 590
586 592
586 599
586 598
586 594
586 587
586 597
587 602
587 942
587 594
587 946
588 600
588 961
588 594
588 599
588 589
589 697
589 1003
589 593
589 590
589 693
589 960
590 600
590 1003
590 593
590 591
590 603
590 599
591 600
591 602
591 592
591 594
591 596
591 603
591 604
592 947
592 1002
592 602
592 942
592 598
592 603
593 600
593 964
593 961
593 594
594 600
594 602
594 595
594 599
594 601
594 597
595 602
596 597
597 600
597 609
597 608
597 607
597 606
597 603
597 605
597 598
598 602
598 942
598 945
598 607
598 606
598 943
598 603
598 944
599 961
599 964
599 966
599 609
599 608
599 965
599 955
599 962
599 960
600 1003
600 961
600 964
600 963
600 609
600 965
600 960
600 603
600 610
601 612
601 611
602 947
602 942
602 945
602 957
602 1002
602 944
602 603
602 946
603 609
603 607
603 605
603 610
604 612
605 614
605 617
606 955
606 948
607 957
607 956
607 610
607 613
607 615
608 967
608 965
609 610
609 613
609 616
609 966
610 616
610 613
610 614
610 615
611 617
611 612
612 618
613 616
613 614
613 619
613 615
614 620
614 617
615 624
615 956
616 970
616 963
616 966
616 969
617 620
617 621
618 621
619 627
619 626
619 622
619 623
619 624
619 625
620 629
620 621
620 628
621 622
622 627
622 626
622 623
622 630
622 624
623 630
623 631
623 628
624 959
624 956
624 958
625 634
625 633
626 971
626 627
627 635
627 971
627 970
629 633
629 631
630 633
630 636
631 632
632 637
633 635
633 634
635 971
636 641
636 640
636 639
636 637
637 638
638 642
638 639
639 641
640 648
640 641
641 649
641 648
642 644
642 643
643 645
643 644
644 651
644 645
644 650
645 652
645 651
645 646
646 647
647 652
647 653
648 649
648 655
649 656
649 655
649 650
651 657
651 658
651 652
652 658
652 659
653 654
654 659
654 660
655 662
655 656
656 664
656 657
656 663
656 662
658 664
658 665
658 659
659 665
659 666
660 661
661 666
661 667
662 663
662 670
662 672
662 671
663 672
663 671
663 673
663 670
665 666
665 678
665 673
665 675
665 676
665 677
666 681
666 678
666 668
666 680
666 679
667 668
668 681
668 680
668 682
668 679
668 683
669 670
669 685
670 686
670 685
671 673
672 673
672 912
672 913
673 675
673 674
674 686
674 676
675 909
675 910
676 687
676 677
677 688
677 687
678 912
678 681
679 688
679 689
680 909
680 683
681 684
682 684
682 683
685 686
685 690
686 691
687 688
687 691
688 689
692 705
692 695
692 697
692 704
692 699
692 702
692 693
692 703
693 707
693 697
693 699
693 703
694 984
694 695
694 704
694 699
694 978
695 705
695 984
695 698
695 978
695 704
695 708
695 983
695 696
696 705
696 707
696 701
696 708
696 697
696 699
696 709
697 700
697 961
697 703
697 708
697 960
697 1003
697 964
698 1004
698 983
698 984
698 699
699 705
699 707
699 700
699 704
699 706
699 702
700 707
700 964
700 961
700 1003
701 702
702 705
702 714
702 713
702 712
702 711
702 708
702 710
702 703
703 968
703 711
703 973
703 974
703 964
703 708
703 960
703 967
703 962
704 705
704 714
704 981
704 983
704 978
704 985
704 980
705 983
705 984
705 986
705 714
705 980
705 708
705 1004
705 715
706 717
706 716
707 708
707 960
707 712
708 714
708 712
708 710
708 715
709 717
710 719
710 722
711 973
711 967
711 965
712 715
712 974
712 718
712 720
713 985
713 980
713 973
714 986
714 987
714 715
714 718
714 985
715 721
715 718
715 719
715 720
716 722
716 717
717 723
718 721
718 719
718 724
718 720
719 725
719 722
720 976
720 974
720 968
720 975
721 731
721 986
721 988
722 725
722 726
723 726
724 732
724 731
724 727
724 728
724 729
724 730
725 734
725 726
725 733
726 727
727 732
727 731
727 728
727 735
727 729
728 735
728 736
728 733
729 977
729 730
730 739
730 977
730 976
730 738
731 732
731 988
731 987
732 989
732 988
734 738
734 736
735 738
735 741
736 737
737 742
738 740
738 739
739 977
741 745
741 744
741 746
741 742
742 743
743 747
743 744
744 746
745 753
745 746
746 754
746 753
747 749
747 748
748 750
748 749
749 756
749 750
749 755
750 757
750 756
750 751
751 752
752 757
752 758
753 754
753 760
754 761
754 760
754 755
756 762
756 763
756 757
757 763
757 764
758 759
759 764
759 765
760 767
760 761
761 769
761 762
761 768
761 767
763 769
763 770
763 764
764 770
764 771
765 766
766 771
766 772
767 768
767 775
767 777
767 776
768 777
768 776
768 778
768 775
770 771
770 783
770 778
770 780
770 781
770 782
771 786
771 783
771 773
771 785
771 784
772 773
773 786
773 785
773 787
773 784
773 788
774 790
774 775
775 791
775 790
776 778
776 780
776 917
777 778
778 780
778 779
779 791
779 781
780 916
781 792
781 782
782 793
782 792
783 919
783 786
784 793
784 794
785 916
785 788
786 789
787 789
787 788
790 791
790 795
791 796
792 793
792 796
793 794
797 810
797 800
797 799
797 809
797 808
797 807
797 805
797 802
798 929
798 809
798 933
798 805
798 800
799 803
799 802
799 978
799 812
799 801
799 813
800 810
800 804
800 809
800 801
800 813
801 810
801 812
801 805
801 806
801 813
801 814
802 984
802 990
802 805
802 808
802 978
803 1004
803 984
803 812
803 805
803 983
804 810
804 929
804 934
804 805
804 1001
805 810
805 809
805 811
805 812
805 807
806 807
807 810
807 819
807 818
807 817
807 816
807 813
807 815
807 808
808 812
808 992
808 817
808 991
808 984
808 983
808 813
808 978
808 985
808 980
809 932
809 996
809 934
809 930
809 818
809 937
809 991
810 934
810 929
810 996
810 1001
810 933
810 932
810 813
810 820
811 822
811 821
812 984
812 982
812 992
812 980
812 983
812 813
812 1004
812 817
813 819
813 817
813 815
813 820
814 822
815 824
815 827
816 817
816 980
817 992
817 820
817 993
817 823
818 991
818 931
819 997
819 820
819 823
819 996
819 826
820 826
820 823
820 824
820 825
821 827
821 822
822 828
823 826
823 824
823 829
823 825
824 830
824 827
825 994
825 992
825 834
826 836
826 997
827 830
827 831
828 831
829 837
829 836
829 832
829 833
829 834
829 835
830 839
830 831
830 838
831 832
832 837
832 836
832 833
832 840
832 834
833 840
833 841
833 838
834 835
834 994
834 993
835 994
835 995
835 843
836 999
836 998
836 997
837 845
839 843
839 841
840 843
840 846
841 842
842 847
843 845
843 844
846 851
846 849
846 850
846 847
847 848
848 852
848 849
849 851
850 858
850 851
851 859
851 858
852 854
852 853
853 855
853 854
854 861
854 855
854 860
855 862
855 861
855 856
856 857
857 862
857 863
858 859
858 865
859 866
859 865
859 860
861 867
861 868
861 862
862 868
862 869
863 864
864 869
864 870
865 872
865 866
866 874
866 867
866 873
866 872
868 874
868 875
868 869
869 875
869 876
870 871
871 876
871 877
872 873
872 882
872 880
872 881
873 882
873 881
873 883
873 880
875 876
875 888
875 883
875 885
875 886
875 887
876 891
876 888
876 878
876 890
876 889
877 878
878 891
878 890
878 892
878 889
878 893
879 895
879 880
880 896
880 895
881 883
881 885
881 924
882 883
882 926
882 927
883 885
883 884
884 896
884 886
885 923
885 924
886 897
886 887
887 898
887 897
888 926
888 891
889 898
889 899
890 923
890 893
891 894
892 894
892 893
895 896
895 900
896 901
897 898
897 901
898 899
912 913
913 914
919 920
920 921
929 934
930 932
930 931
931 935
931 934
931 932
931 933
931 937
931 938
932 934
932 996
933 934
934 1001
934 938
936 938
939 940
942 947
942 1002
942 944
943 945
943 944
944 947
944 945
944 946
944 950
945 947
945 957
946 947
947 1002
947 950
949 950
949 951
952 953
953 954
956 957
958 959
960 965
960 961
961 1003
962 964
962 963
963 966
963 965
964 965
964 968
965 968
965 967
966 969
968 974
969 970
970 971
974 975
975 976
976 977
978 983
978 984
979 983
979 982
979 981
979 980
980 984
980 985
981 983
981 986
982 992
983 1004
983 984
987 988
989 990
993 994
996 997
998 999
999 1000
